35
0 344
3951 28809 53602 53941 48814 45358 80118 28604 11007 15755 35444 25170 87833 65211 1177 62860 27615 35319 84835 59278 42434 89805 70381 81264 86920 60041 20380 71381 54810 84637 5683 94267 4731 72715 6973 65856 86242 77669 89610 11917 3313 34608 46257 30475 91648 17983 39752 99650 80160 54534 34505 84991 18369 75458 65316 83832 3342 35983 95567 34541 38494 20438 67555 99630 96897 93817 8024 79283 28322 71846 45572 42800 83261 99567 19369 48946 59126 29655 10284 14769 52090 59703 54633 96284 6093 85982 20886 40455 8930 86227 52050 13782 71589 21671 52583 35512 37925 6600 88953 1734 62436 80909 45680 64658 2500 93078 37116 93968 74985 41060 74784 35661 41289 37567 87332 693 77763 67516 38069 23954 42126 89917 9027 50317 93442 30262 73467 50872 42332 6580 44616 32366 69055 50047 7292 42557 85336 23462 12286 5610 42234 97495 92963 26528 986 38677 71630 31633 22510 7180 76197 81797 39635 36490 50625 13975 12749 55326 52906 89497 86342 30407 63263 22580 4290 39496 51722 34373 72752 2885 14100 82252 56286 24972 38183 35197 4476 40929 28683 12261 18709 80354 62989 8602 50592 76166 44402 83834 43162 45410 80191 32237 8351 7072 43658 56984 27656 39973 44167 25592 92380 40061 3066 386 38880 67463 29026 19265 63214 29259 74214 50618 52465 70371 25685 63100 66827 97566 9591 30623 92730 85368 44902 36651 2797 98726 52440 1970 48125 91345 54664 4213 27863 25355 43297 47044 42729 80092 2407 60979 9441 82801 55913 58636 2926 5325 71126 33315 34352 75179 37903 10108 43074 86636 22260 92397 30769 75985 77738 45717 62548 96727 41469 593 47842 73947 67732 2846 23922 18877 50523 38182 74650 96360 74370 80650 39492 53706 73153 83655 26092 83315 94965 18088 7563 17880 32267 37367 29628 56271 4374 6970 11006 84948 17643 9069 86413 61524 8674 4328 89603 71844 80636 85867 90797 85809 41328 85925 96613 35107 71970 85964 98633 32003 49538 60944 73775 27998 22599 41071 46583 27933 7481 81433 79315 91865 4113 65959 50394 49247 77895 39198 31819 78361 79038 24867 9857 58955 64075 64691 37940 31470 31074 12421 
1 191
93871 52013 89128 61705 58707 63867 79187 21461 55396 96254 34941 61664 52096 30457 14717 92344 35066 38232 78346 75524 7024 90423 49568 35533 832 10632 70767 84236 78336 91067 88218 52395 68786 37057 23403 42548 34306 15573 77787 97712 10452 3018 75605 87615 76944 13872 23237 71981 32625 19789 92801 28205 57528 23440 6613 87732 35798 31608 63095 75417 24778 7488 42773 47595 85784 62250 73594 25098 86855 86247 98332 23195 19217 65744 60337 52947 66257 28005 35715 19598 8155 63727 16133 37538 26773 80360 69916 90446 87307 49449 78575 99992 7408 65951 10503 95719 82272 83903 86948 24029 92035 90038 24512 1635 64513 88578 54665 33270 41761 87749 79850 74637 31711 62374 60042 13998 34274 19284 5193 5001 11646 60341 91868 67569 98256 85084 61581 15231 24503 10824 59756 52943 30413 91338 23528 45196 30904 42330 41451 62700 98736 23162 15067 5029 16012 58385 27505 88927 71704 99897 1143 73040 98219 67861 9310 22281 21107 31484 48266 43963 57306 57438 96227 74509 10004 42013 13488 29694 42666 76801 49920 74301 27478 39012 60662 83730 56547 48013 35534 57632 6634 13602 72367 22257 16552 99581 59588 51880 57996 10478 9748 
2 42
4967 31577 20417 94531 33458 25309 28336 81648 18725 14231 56751 40238 91892 92753 46105 80121 75008 61729 3694 15822 22850 37448 57618 990 94927 80013 29076 15378 47713 28678 9816 32282 21110 63065 7988 18731 20070 73076 94929 4797 64189 59076 
3 180
95207 42871 97814 54174 16003 43225 75469 58029 58353 3441 14297 21553 83803 18435 57108 10918 93333 80494 66113 83466 57479 68437 70555 54841 42128 67278 81702 48486 36759 36400 27695 59104 84615 21200 18151 52580 35886 73624 82935 44377 65786 64947 99468 50847 99447 80309 59966 63000 89308 11266 56357 37342 59357 89820 97028 39257 17159 91331 71812 29482 81346 30058 46044 99106 39828 40669 31286 49288 58013 47794 52245 3433 16930 57446 31385 23645 62652 8942 99576 58135 53009 58996 2672 96556 61546 82055 36317 34005 35404 62252 94767 60957 46892 33433 82950 96173 72141 3182 67101 87863 16606 39783 49109 77965 32724 81436 53186 53807 15600 90944 89708 99439 91140 58824 40647 39813 60005 12313 46022 14165 15783 58173 22092 18150 8265 26969 90174 33851 10564 53018 2044 67221 46298 37300 4680 44217 52652 23114 72235 86548 39655 44756 92469 97069 78340 47721 10713 50474 47098 54311 12927 12452 72246 83251 80930 37991 14314 86353 29278 70219 4901 86070 80466 76760 75468 64046 13093 6839 54605 98197 44635 62796 52823 42482 56487 94287 91679 73607 93798 36258 
4 178
14716 80830 81122 29599 14304 51836 60058 38590 50258 10566 87330 10378 66572 47642 93704 20618 77231 22452 99850 74405 25789 12769 45298 45667 63122 23155 64104 2463 62125 47828 31696 6885 798 70830 9276 35998 22464 10649 46852 54536 11444 57020 70126 31583 25886 97178 28646 13459 54036 23637 88317 99684 18401 59690 26391 74155 40849 99188 81065 35017 83249 78140 40721 94789 20872 42857 44206 14317 13949 21127 69785 82428 28776 10722 34571 60389 49423 78370 75278 19523 79514 6229 4502 45270 10958 60691 60243 36513 90964 76326 26777 79448 46124 89579 72571 98807 23982 29237 83815 33439 72166 48298 63354 63942 22547 12738 74548 42828 35357 63539 53674 91180 64364 2537 67907 99766 17525 59459 7824 60967 15220 57862 52775 37790 8254 82523 39300 92762 67829 8822 71074 57641 95670 29095 32918 17981 50355 31966 99251 51254 67576 76762 84368 96005 32193 90954 65420 3510 98057 44085 10133 52890 500 81835 61781 61491 86652 42005 60952 18929 9214 65444 34882 55115 18817 70629 57089 87841 20595 8058 8963 48250 55431 67940 92524 10270 75201 15042 
5 167
77091 2438 38077 21103 24862 40260 60212 22609 63062 65616 53033 91065 24656 98439 89836 66802 51534 12689 24126 34176 89563 946 507 45273 60960 50987 99343 84843 5155 43136 45218 48386 66295 55727 35349 1151 44447 63209 63060 31331 58082 98733 28399 77979 89397 88535 58087 45137 24906 32279 99423 50505 97851 12594 3926 8369 30427 87182 62827 58285 85840 37178 13035 49597 92518 97144 78509 61769 40395 52534 36496 67591 19965 67607 40476 93154 61989 27074 67882 15209 98381 5302 46051 2041 37686 65792 84668 35008 75696 28799 4830 58914 45691 15140 66601 79058 3940 37217 16934 74693 2569 23530 47342 85659 78892 71722 24018 64685 78215 9964 74167 55119 20225 44977 61703 50788 41400 27963 42461 29451 92727 8401 72911 5022 5283 81781 12468 6764 30326 18230 88568 1555 90347 61437 43825 56891 40488 43433 34043 56438 14937 10897 8797 1120 7243 17734 52335 1716 24058 78864 42071 71434 4878 65479 33414 70753 82939 49052 35796 70653 64565 33777 38542 44826 40240 72719 73482 
6 155
90772 45165 80328 31318 34230 70121 54681 86454 13776 13179 96654 39414 83620 51851 49272 1512 23172 1314 59098 66587 53236 43681 66305 92291 30435 51029 58148 44055 29534 36822 59349 34106 17066 19403 14734 72115 1972 92957 33047 57203 61761 73384 25892 75999 93070 60754 92829 97551 82117 13965 25845 81494 39759 55748 28836 66046 36648 8840 58551 75874 17370 54052 52344 56340 52672 50266 19913 88097 63824 82665 3475 55803 47441 49378 13607 71020 65382 61010 83437 1202 63691 85864 26361 68811 14000 16390 89658 91321 81603 87458 51790 93535 39325 33360 8417 82237 2746 13692 21394 94432 38100 549 86332 1246 67461 4349 93799 49718 50881 99857 53700 20519 77682 95094 24858 14510 13812 36480 46414 61131 53392 52798 2619 82917 98823 67262 50711 38706 59070 12574 27187 40293 10714 15825 63615 36020 27357 91430 49857 68744 22808 73662 22232 34345 76920 92884 59067 71954 40306 82612 3455 61868 49436 76143 96889 
7 154
33118 95150 31801 45936 88170 77021 98533 13721 33086 20035 51537 49559 73285 72984 70343 90320 78238 55610 80107 5438 92979 71728 30436 20 70857 47178 70769 71328 15829 55495 96980 45381 48248 49231 3684 12230 87916 18730 64488 21637 11578 31007 83059 11803 15406 88716 2595 23873 598 4625 71137 75210 23689 95126 10684 80522 99380 14661 14575 11081 95139 40956 28078 55805 95133 53956 91396 43898 14906 92566 35358 95101 49120 78467 41423 65072 36827 34995 83629 15797 92947 51594 41371 7276 50642 80887 67583 911 74304 81962 4178 24954 69333 47904 5948 57120 75688 79896 65487 38237 8404 43103 70880 44113 79108 89295 80513 6381 37174 23995 7992 37375 82338 61185 98510 41620 22124 66005 24103 97823 70050 74027 4759 28118 47706 51238 53235 23266 38007 73471 10810 24486 99321 18983 56089 26576 56231 65095 96985 58708 95025 82477 21067 819 68528 45419 25556 96460 53571 56691 44752 57380 67809 93536 
8 146
81498 83340 8910 39123 80723 95679 54977 27148 36263 98639 95311 68750 1787 32146 19465 84529 26499 94549 15766 49133 9157 63072 71153 78220 29457 82842 59433 41030 68293 42769 45945 37171 79418 76554 52227 73556 19651 7774 9358 64473 86758 65890 10745 3693 79125 49127 39985 62365 3046 17757 62671 62813 94495 31115 86507 10885 54447 55297 24654 82835 80408 16081 14503 24328 21782 98198 60885 59667 49622 26497 46785 72437 70032 78801 40713 23957 28406 97756 91434 39637 96462 44877 71694 89828 12540 55920 79998 51206 9192 76938 53897 31970 27513 7121 34812 47436 80252 11034 53001 67581 39495 687 10019 76266 94807 20778 81013 40848 46605 75049 51380 66380 21350 67853 48529 66863 61053 16805 62654 67394 2742 25518 43883 65109 3894 37185 56358 2026 69799 15956 91531 5972 71454 35713 90853 44366 11084 49375 77929 70189 62861 82245 54548 80011 95522 94025 
9 119
51333 49918 61072 62101 71596 37384 96945 70758 2637 43622 56859 73792 37591 49508 77792 14719 36079 79091 22072 774 440 63906 59200 79768 72000 30912 35210 16908 86349 60314 84516 27652 97043 43302 63129 36130 98835 18195 37575 14030 29982 61494 55213 20547 26265 15266 87159 97122 87391 82165 72772 56462 74078 85995 10018 60031 13669 21253 56608 54739 77799 18740 64720 73889 94373 11281 87693 27808 85344 34020 91316 85627 85594 5702 51351 93949 87781 82632 24507 57664 34328 27951 15585 31675 60835 94359 61098 53130 75089 94579 33749 93890 67454 34593 85938 92324 23941 39295 75633 80867 11567 15223 48135 89933 1156 2951 28593 21228 41680 75525 48318 34007 23910 26493 64922 52267 19615 21884 2360 
10 271
6100 45531 576 88451 42416 51502 31021 87189 85654 96370 43686 8427 28920 15481 46376 61714 84146 89312 40921 42793 78267 76430 15393 54106 25116 34993 95583 40416 85747 84316 60920 30029 25262 12367 28921 69427 44857 74541 86896 59708 39311 95392 16027 79388 17202 36378 57697 50032 85304 30551 57287 99763 25617 39921 38181 58766 20333 73988 20422 39327 10167 72441 24407 83449 34244 73101 14911 85242 12571 30867 5675 999 9087 85606 84300 56470 45269 47077 62063 64399 725 86294 81938 55627 43237 34299 20172 95195 6133 30388 68921 50120 28204 78903 48460 93513 15233 46942 64589 10828 34944 78842 37307 13326 18732 54338 93641 56941 87352 74469 45226 46615 13134 25459 30056 47710 7318 92120 22566 77920 55825 31669 93354 15000 24098 45988 73676 12129 12953 71504 42445 40126 76808 26365 37181 15043 79570 4615 69080 36391 14129 69463 77717 6953 45235 42668 30612 31350 90969 20323 49479 78594 74119 82184 7745 4741 84242 48598 26319 86156 9735 46702 76568 86370 40324 70825 81383 6520 62015 22431 9156 168 2296 59091 31629 33057 3972 22745 18345 49365 67412 36546 40743 72225 21832 27716 16703 36403 30688 86880 5693 59587 32740 74115 27121 53072 60939 31546 89342 99956 77223 22742 9363 37524 82970 79926 93457 46711 37446 25963 39219 29249 89592 65059 9989 70303 82662 15159 18290 39445 36905 63480 67606 72644 97309 74933 57983 23646 77069 44294 6244 67417 88671 18079 41449 47565 47856 15703 7905 62351 95880 80657 38095 9504 29379 83125 12068 50281 50442 17268 4257 7708 91079 27934 79211 47629 17359 14238 23021 79827 36650 19831 90872 50437 12427 74720 95090 23505 46271 30884 88118 
11 126
71817 45863 94540 89912 55622 9292 9447 14221 16192 74610 54478 30135 50268 68135 77427 65337 53447 34797 65205 33656 39381 70550 26035 39321 62738 51947 91163 32896 95002 12830 42114 55550 43021 95909 22172 95370 93060 22592 57442 95954 66759 99116 76203 89340 2668 94426 33356 20716 3496 31130 42869 88079 71473 60070 65300 4961 4757 42214 671 3349 80034 59254 53399 57529 7123 53468 6727 4431 1913 66501 18989 769 87287 23275 71649 68595 17998 21297 19812 31685 76713 48350 82202 8180 2758 50247 1432 42196 29596 26742 36667 64604 68927 76471 54030 50940 74430 98677 13610 85458 8405 80329 19205 99272 27987 18772 87112 53751 59377 30217 50145 37238 43000 19985 40650 4629 80700 84939 49619 15532 8927 8146 84251 61189 54003 87124 
12 118
43202 98295 96092 68806 35398 29785 59710 46326 13317 24411 91612 72475 37143 65567 93190 55531 55510 96508 25312 16569 22798 94042 3893 12653 58245 29943 50634 27344 29552 68736 20543 59281 53885 22382 49524 42730 9369 75669 27406 60974 35270 76646 59751 88178 1400 60605 15632 8238 54303 86664 7790 52983 96136 83841 44570 85490 82594 64977 99070 21700 17505 50948 34953 59422 857 20919 67208 52216 18501 78329 74040 35323 39015 46482 66663 19602 22637 78145 94665 12610 85531 78925 18702 81461 51197 4059 4160 56179 18965 80151 42185 11935 53167 92619 26002 42154 33262 13735 2587 80052 18915 45311 13553 1596 11491 80094 78719 35850 49147 88541 90696 23190 14563 86086 57757 6677 21825 36347 
13 2
27540 35977 
14 223
1968 58155 92468 2938 98414 19019 43543 9458 73444 55925 24625 12177 74619 43779 26927 95454 49576 97696 95458 63256 84153 72065 49379 23758 18069 78629 72217 47959 42288 7921 16841 32644 22302 20268 18857 1932 87879 65062 81179 94230 21286 75463 73009 11990 91814 90399 23233 54065 86532 10910 61447 90912 2625 9684 71146 87647 35580 75088 83438 42697 75947 31658 5453 44847 85107 70565 7329 48305 74402 51709 19350 47396 17597 91467 79791 8324 10111 4142 76609 21066 68409 7494 62804 88025 94606 60846 46011 75879 27805 41422 87652 28950 62979 91649 74436 1920 3085 66087 42305 67927 57773 14861 46386 14198 46980 8134 51080 76451 28025 33114 665 80308 30438 91002 94416 18012 94599 83585 1643 11120 88598 7382 11408 93754 84742 76897 75711 932 92255 87911 18161 23312 21603 69955 27838 95501 48561 75399 89729 13862 82916 29953 6875 36494 47453 3345 14234 82445 75207 3531 53654 47240 83139 20885 23769 61250 43370 69252 31206 73800 95085 81158 12209 46881 84768 18881 84072 3514 85613 6060 97984 43241 2636 92913 67345 64971 21768 19024 41117 96464 53499 83430 10857 5231 83418 50766 63230 31409 17743 77024 2363 37632 88311 55883 34089 63629 34426 11674 60998 16565 3112 6108 81800 57127 78510 17850 31162 85436 26530 94046 55382 93413 12848 47387 97442 56561 26073 71783 32304 73513 10407 41233 54285 
15 52
74080 4021 72969 9016 17290 17303 44833 26991 41329 62894 12479 99087 70169 18515 10501 26268 90172 13566 23511 94771 5588 11840 80815 76142 2377 26406 75048 60533 52785 87654 66024 23109 72094 21800 38930 37098 93042 89491 64708 71984 98349 95922 73713 21254 57642 60303 79324 62347 14554 65137 96024 53039 
16 98
5259 1374 47273 9434 87997 23843 25288 15493 13654 99004 54986 44870 31001 44993 42799 76488 80932 86053 80654 50310 54700 10565 24076 7320 95683 2649 78008 28842 56314 31177 89860 41307 97809 41057 20217 668 1537 20449 55094 11584 93553 75544 21668 7497 24457 86513 58015 62057 46752 58638 62233 27411 43930 30381 97884 41404 41023 10232 14823 21816 1084 16585 80795 87110 25958 24576 54747 79960 23501 25049 56034 18885 4859 65878 90599 53250 67627 32637 60320 33316 80356 69747 30622 97405 40974 36744 34547 16781 22955 27498 63138 44661 69081 17794 47940 44663 259 45052 
17 189
45257 1075 40628 66431 9494 54346 58179 12761 57031 2883 97155 43542 21039 64471 1375 92422 13368 23586 40771 17022 44202 1208 93812 82436 89017 55693 29555 79528 48986 56261 23031 1676 41957 38975 32998 838 74398 76206 24725 72047 25555 7099 16466 6462 66474 69844 40695 66744 13807 58614 20101 60650 8856 16313 48497 26856 77078 61109 80649 4490 8434 34249 69707 80808 35595 42969 43758 95172 88110 64074 45815 86766 6625 63203 99972 64630 18524 42473 22596 97369 28504 86571 98799 8923 9711 90720 80226 89776 43839 57262 87846 28770 66108 40099 95859 94141 51414 15212 45392 34977 7743 78454 63255 59233 85888 24724 18883 72784 53958 38879 42387 20111 94158 88033 78596 87428 46116 87792 13322 4974 51143 24612 21772 83220 90044 29925 32380 26097 25367 11596 73846 21641 68226 35503 84283 602 48275 36109 30762 97204 94971 30239 19144 62907 49851 18025 17536 73534 56353 51340 45956 48175 61126 25223 65942 92816 13041 21272 21007 95623 40780 91946 69430 35411 64259 98775 99491 18906 13287 54453 12725 31762 58810 30193 69965 63271 59288 69295 53834 21609 41308 41044 86323 87135 7985 44791 81937 28225 37637 
18 166
65553 91656 61192 50977 99743 80708 72008 43167 42993 93222 9063 96879 64859 82885 64923 37514 65893 70596 72043 58089 22694 23826 7009 56714 27307 39250 82652 83966 78218 61666 34185 45206 10619 85811 44156 76327 12079 57191 75502 33960 73935 6527 3985 26961 23676 15202 26323 76964 68664 69748 96793 94175 61492 45887 34443 13098 16862 33717 18293 71946 69670 73823 88777 6173 47118 33325 57864 90274 63304 43401 14954 29138 26225 31182 40425 29113 57361 82373 69242 85923 42825 28176 76668 6762 95510 33141 47697 4437 42237 63944 96762 19431 11404 84545 78466 5770 84571 50126 3418 658 22756 39108 67920 79560 31166 42396 15763 69599 94775 71205 88846 93791 48023 10540 64212 45096 87500 32055 16924 71056 46832 57852 27639 20465 3895 31268 89851 17462 94241 48867 64905 63764 33890 202 40871 44328 25482 64739 16557 22000 75875 95798 37195 12435 4856 31165 32702 90390 56296 4121 52094 24171 49194 59095 49609 9347 48015 41358 98401 68058 72418 5147 77529 47122 87013 37535 
19 75
55807 50583 87804 68672 54730 77568 60482 49777 32674 95273 95440 90738 48396 58792 76593 72748 43439 87898 60037 24792 31553 33849 97261 66779 27547 42987 52677 55726 99663 16584 99751 25256 63804 67725 27713 46611 18631 45370 20669 17045 78143 10914 65079 20680 34537 41495 67087 51023 25752 12750 17037 73409 67810 13489 13844 48869 907 64381 61567 72106 54371 18010 67206 1282 67353 76802 98049 44088 74670 96566 85909 63981 9514 82501 97325 
20 69
6887 87670 85615 2939 11759 3247 32866 69067 22397 27095 46418 75812 10288 17051 30717 20165 99216 15045 162 70603 50102 36339 91341 55246 46954 84378 98849 50732 43545 69326 76295 71505 29235 61443 76655 25003 96020 31139 4469 51823 24558 84373 35016 56322 29644 88442 99016 99589 93110 65383 37292 7440 24741 87764 32321 33207 73703 25290 57635 60279 76950 8790 72024 79116 70650 7890 47688 56090 29089 
21 140
6246 33763 81491 63175 90995 27488 1710 88989 63215 66247 8796 23791 78154 79214 77613 81066 34691 26677 11193 92674 46222 59896 74854 93343 90824 71370 20207 92999 37701 50730 11337 90943 26496 43956 96417 4416 45592 87838 20824 1169 77218 59691 10676 66387 52028 34129 15604 76219 39702 83485 49258 46939 92168 9592 5006 92058 17236 21280 94069 55831 50460 93796 76677 69990 92742 17053 81896 99692 77397 22307 49916 41394 77537 80326 66644 12136 36135 40890 46246 2720 83318 52359 97738 29104 76606 21223 82344 10263 68085 41346 13321 24365 22343 47558 7574 4219 68562 23317 62828 8107 23655 91218 54054 23396 30644 80597 62922 47930 30487 6117 27585 18135 30855 73730 63938 44596 3337 33049 8747 2051 62839 67299 61863 59246 81319 12369 42165 37688 4058 29198 10624 31548 60502 20251 7501 83672 13390 1547 82199 23915 
22 59
370 24274 68571 73075 8935 34708 19692 5177 35839 81449 8244 18334 37469 79700 46489 74666 19783 6444 26285 360 84526 41401 58689 58985 82379 2614 52109 13921 81887 65172 78334 17725 11911 24327 79285 64311 4845 69086 87451 57278 20530 52102 1484 90851 417 70480 21534 9421 45766 41357 83009 71199 29352 48274 41665 62209 48809 70369 10324 
23 58
49586 71237 828 519 6991 39629 8932 57563 90837 97963 69900 70149 15363 30515 52713 10477 85204 86991 38372 13925 85142 27299 60914 52401 41234 83254 92839 76251 72134 47373 62262 53801 93826 41670 70685 64426 8573 2504 19143 70233 254 35373 74664 64256 63864 25452 2763 22997 4093 73710 96364 89449 83647 76826 63986 93925 59607 6456 
24 97
64216 53086 12157 65966 15241 37544 30426 93518 44118 11379 41440 67476 34659 66529 91770 41466 44512 48168 52861 77008 80884 57530 86479 40796 74083 85961 61671 44116 10246 50717 49464 41805 1460 46500 35663 5424 34227 63420 20526 57054 19917 61403 97311 24468 11396 57421 18389 36853 26277 10675 53962 99585 68383 57363 58704 1209 52964 34763 53686 59034 79726 50425 74054 64677 60675 78069 53984 37966 26771 58035 2620 94370 84825 36376 23374 31907 19517 25894 18706 74106 58569 34878 25373 58000 69166 78064 76560 89272 10479 5467 77713 58869 58326 22717 83546 88361 89341 
25 44
14740 84623 67897 52540 4085 88113 92453 55072 2233 22455 9626 57340 10086 43358 75111 28114 81291 64449 31396 11683 20283 98126 70560 67552 6573 561 59807 94974 65977 99792 68540 52692 51205 83395 90224 72337 83780 58719 843 54879 42929 49135 2931 67573 
26 31
44325 95408 86788 54188 56977 2310 93743 77585 64515 5360 10013 65706 2373 41836 4697 72167 28224 48061 85260 60531 52091 81514 31213 18406 4836 81743 54467 8634 47293 58238 93913 
27 70
11962 48688 40689 9444 11489 72891 18210 55834 61488 2425 6556 13614 5837 60881 48201 58487 1387 52942 87437 31041 95971 71449 63945 72794 15275 60194 53221 8551 14915 21533 19912 66789 65100 20142 71562 89356 3037 52098 6790 99898 47310 15517 1477 51399 83355 36395 12091 23675 39425 18349 80607 3036 61839 96061 62938 47708 41375 52648 75837 27164 20729 73124 99182 70204 35985 38818 25093 54093 41306 58666 
28 47
94988 97677 29589 18920 18683 50221 71187 2400 30264 82336 29901 16770 65789 92459 92264 17594 64667 46587 85889 46499 86964 43862 72902 21500 87780 20486 84312 13201 7734 30750 17584 81330 956 44903 69324 41067 99507 29042 50307 75419 44455 44211 48660 23815 64697 40733 96444 
29 24
20784 74075 86821 28421 49417 90096 37515 27010 37727 40204 88351 69937 87251 96253 42465 98320 34455 39188 24262 52782 92416 99150 3288 6489 
30 16
17228 20834 70543 74817 84019 51566 2533 36743 53586 11460 99583 9443 74656 81945 38702 20228 
31 25
84387 48614 49970 9712 32206 72377 8279 17689 45106 96263 76474 43896 67827 96574 43305 27096 40671 4564 7206 76002 32030 59371 23038 51582 4283 
32 24
50311 30094 74031 28638 53781 13621 85411 55932 74624 35495 91126 86473 45394 40315 15943 33623 10661 88279 24047 58363 92837 95726 25900 58108 
33 19
27785 8608 27073 24606 12405 30964 81419 1667 39007 74466 37500 52338 97919 60906 60949 45142 94172 79483 2789 
34 1
71462 
